8.854151726
14.99462509
12.66813183
13.07907677
8.425769806
34.62879181
9.117913246
33.96656418
15.94453049
34.0500679
19.84000206
13.63223076
13.98640919
17.48502159
13.12657261
36.67585373
9.601135254
19.02453423
12.88205338
11.58200741
19.37817955
21.93120003
17.65390587
9.245450974
23.58659363
42.82034302
40.80895233
63.97664642
147.9863281
158.0441284
178.6376648
152.8714447
126.517662
175.6062622
190.8283386
144.0196228
212.4573059
217.6687317
213.1463165
240.6007385
87.2424469
173.4338074
135.6667786
59.23456955
30.56602478
16.21989632
39.97505188
24.21220398
35.23324203
101.8504333
190.7521667
129.7618713
35.00074768
16.17971802
16.19204712
16.67956543
11.69017982
15.75875473
8.355340958
12.03989506
8.548976898
21.93703461
7.718853951
3.249690294
8.478839874
12.16766357
9.189181328
13.39602947
10.64975357
4.30509901
9.814499855
10.75498676
5.915602684
9.138214111
11.97493839
30.06433868
72.68811798
176.7162933
220.8388672
232.6080017
204.1327515
228.3612366
403.765564
309.0079346
314.147522
187.0151367
325.2636414
209.1805267
337.8735352
217.7611389
302.8135681
406.6317444
305.3081665
380.2792969
161.754425
367.5471191
215.679718
122.7693634
71.93830109
38.22175217
26.46438408
24.1494751
10.64066315
12.90723801
7.481587887
8.133562088
7.016889095
8.77793026
8.254753113
11.09172344
8.492339134
7.632298946
7.33286047
9.7604599
16.08286858
15.77209949
10.51125813
16.96645927
9.238105774
10.52932835
7.930702209
13.07586861
7.138415337
13.9429903
8.535046577
15.2114563
12.76997757
16.18378067
6.874528408
8.627653122
9.695858002
5.892560005
13.9227972
4.505597591
13.57305908
8.77983284
7.05166626
9.525276184
20.95327759
15.18576717
37.39334869
52.91601181
253.2636566
115.88311
164.1238556
144.535141
101.3694687
157.4087372
143.4430389
87.67784119
194.9945068
190.0559387
97.82585144
151.6059418
165.8563538
129.146347
187.3773499
149.6834717
235.6792755
135.3240356
174.1183167
42.95381546
206.7181702
319.822876
135.1655121
103.8924866
244.6477814
182.8890686
141.4925537
96.96066284
120.7987366
122.847229
105.3228149
88.91212463
49.82328796
92.13346863
190.6493378
166.1407166
216.3788452
168.4326935
162.1861115
226.8616943
213.8836823
107.3660583
145.6066742
96.67138672
230.4331818
66.52485657
127.4422302
363.8152466
289.5612183
202.4367065
128.1692047
203.4876251
189.5272064
200.9914398
55.27900696
70.24046326
103.0472717
143.1125793
41.30957794
66.99703979
38.82858658
14.83418274
16.38425446
9.921676636
9.613908768
25.47766113
6.536886692
4.665220261
11.31738663
9.877778053
10.54369926
11.89627647
10.80581093
9.98401165
7.365284443
8.129039764
10.19919586
7.242856503
6.252880096
10.27329826
7.487113476
7.669716835
12.7512188
7.157715797
7.086782455
14.22798061
2.977422237
4.414289951
11.64546967
7.742640972
6.574163437
6.394592285
6.117595673
7.851927757
4.854685783
7.4759202
7.254244328
10.29875278
8.611725807
8.58806324
6.526780605
4.641720295
8.740311623
8.085335732
9.41283989
7.230822563
9.294086456
9.0453825
5.244298458
5.971128941
9.292329788
6.856350899
4.693294525
4.423013687
6.005134106
13.1417532
6.848845482
9.303966522
10.85069084
4.512334347
10.28786469
3.916497231
7.285271645
6.532344818
4.886656284
4.746008396
11.74641895
203.2499695
307.7141113
128.4241791
8.507826805
3.88823843
5.800452232
2.967830181
6.156904697
11.95500374
6.888427258
11.46814346
10.54828644
14.63283062
9.014486313
10.62853527
13.16816425
4.187616348
6.548225403
2.996994972
11.29933643
14.36975574
13.0366745
6.882222652
8.017378807
11.32403469
6.000944614
9.701307297
7.964937687
5.468000412
4.365765572
7.406634808
9.030014992
8.32020092
5.929695606
6.369042873
8.770843506
13.38239288
7.386428833
13.10292816
6.111463547
6.44077158
7.704549313
5.646668434
9.86978817
6.110482216
5.768492222
5.230623245
6.606380939
5.348175049
4.417818069
9.32110405
3.470039606
11.85868931
5.800359726
3.384579897
7.006508827
4.437698364
10.71063328
6.228524685
3.970167637
5.406271935
6.154342175
9.222446442
7.593525887
4.086404324
5.913836956
3.232464552
14.20352554
5.265536308
8.963035583
12.89517117
5.092603207
7.179978848
8.141411781
8.485253334
9.888536453
5.824524879
10.1067152
12.97887611
11.10910416
13.41958237
8.316609383
6.554156303
7.515853882
7.937157631
6.028844357
5.001295567
13.40655518
123.1881027
28.46883202
10.73968315
6.736571312
8.360559464
6.893215656
5.777849197
12.41562557
4.802901268
14.43627357
6.787706852
5.36354208
6.773357391
8.244887352
5.588979244
7.845762253
8.727365494
7.663422108
6.23806572
14.38339901
9.658368111
9.251538277
9.405341148
14.52503777
11.17521667
5.486056328
28.64870071
9.723502159
17.90929413
8.363529205
10.01739597
6.424811363
6.513422012
7.619403362
7.798010826
3.025792599
8.370481491
2.219948769
4.853530407
6.604877472
10.69700813
7.927109718
8.439411163
8.677516937
12.39349937
6.238054276
7.344281673
10.87245369
4.889862537
6.643450737
5.449559212
7.444083214
7.890361309
9.630521774
28.91640472
99.40673828
4.467936039
13.13829327
10.52707386
15.02571106
15.82176113
9.165521622
7.851715088
5.695974827
8.950901031
13.2055912
14.38102245
5.136111259
7.239778519
8.919449806
6.085457802
9.579179764
7.992011547
6.072742939
11.44977474
9.015886307
8.880187988
5.06448555
7.272209644
8.437120438
9.354733467
15.85600281
6.830702305
9.234733582
9.63166523
5.73013401
7.140779495
10.58955383
7.849962234
5.962290764
7.9044981
10.46710682
32.31785202
26.73483467
59.57358551
65.07307434
73.13648987
132.699295
108.4235077
112.9374771
190.0735168
192.6174927
334.7333069
245.062027
203.4894867
245.6777344
296.0228577
81.79169464
135.5227966
277.2098083
210.8577576
158.7820282
155.1257935
217.8536835
182.0902863
440.3189697
178.8299255
129.9081726
385.9234619
215.4614868
154.7682495
180.5965576
169.1866455
117.7883453
123.6430817
313.0324402
342.6595459
183.0677643
159.2270203
211.5326233
160.1304321
142.7572327
116.9463806
154.2380981
250.8959503
347.2924805
210.2590942
155.1599731
153.7673798
116.4792023
89.80328369
114.8949585
101.3060684
66.29208374
43.44629669
62.29552841
24.42433929
35.18702698
7.299949169
12.55649185
8.175189972
7.417370796
8.178731918
12.31035614
6.30926609
12.63027668
10.69830799
6.943260193
7.98119688
6.413649559
5.952848911
8.185321808
13.60928726
8.848118782
8.970656395
11.05366039
14.34839439
6.846731186
8.375013351
7.866548061
2.639173985
6.745314121
6.512420654
6.990935326
6.067611694
7.92559576
8.026620865
8.730428696
4.970435143
6.28650713
5.354389668
4.692993641
5.678596497
7.384726048
9.471933365
7.959209919
9.366223335
5.116401672
10.11566544
4.871058464
5.572910786
6.347378731
4.752830029
8.802820206
7.323151112
4.273912907
7.234060287
9.947757721
8.80391407
8.225289345
8.218252182
11.53778839
9.909317017
1.531550169
8.076699257
6.413279533
4.619987488
9.108719826
3.813649654
8.08809185
8.935535431
12.87650013
25.14726448
115.1078644
163.6908875
345.4754333
450.1868896
475.2255859
144.8896484
127.7172699
94.37760162
28.67771721
16.39328766
10.50441647
16.82307053
17.16886139
54.05509186
338.5296021
349.7738953
120.8632355
199.8121948
79.3170929
47.53064346
24.55191803
15.08088207
7.627793312
12.64719772
9.415716171
203.2195435
277.8513184
146.15625
130.9873047
294.0036011
89.5007019
44.32078934
20.45303917
14.69812393
11.92561722
13.41141701
20.60830116
25.16580582
367.5941772
202.9967194
239.0646973
103.4197693
29.70719528
30.18386078
27.55735779
23.52843475
12.10820103
58.3719368
142.7341156
281.4158325
84.28971863
479.5299072
323.8456116
167.3358154
148.2552185
130.6696167
213.0244904
45.92346191
25.38485909
34.11126709
13.71971798
8.399025917
14.34244728
15.56890488
12.15884876
11.17034245
11.3017807
14.52004051
22.95660782
14.36244011
14.83392334
6.76691103
7.19156456
13.3866539
8.51255703
15.64643574
6.28848505
13.13327599
9.044221878
5.237733364
3.574574471
7.056025505
13.33432007
269.1203918
44.41412735
11.6383543
26.72249603
6.050693035
13.96649742
105.4215775
216.996048
25.76954079
33.54317093
44.61314774
108.6509323
249.9224548
286.6920776
237.3619843
272.4696045
312.2706299
287.4093018
88.67002869
63.85596466
17.37425613
13.48648167
19.94710541
23.42881203
9.219301224
132.5993805
203.8547058
245.6167908
218.2179565
223.2840271
172.0360413
138.2642212
245.8521881
87.64688873
12.81402874
16.94268417
13.18867016
18.54854584
7.668069363
10.24268532
9.922450066
6.417420387
7.434592247
4.63081789
12.0472765
3.027236223
6.428977013
10.79583931
6.294609547
8.246721268
23.2189064
20.43049812
7.392873287
10.40787029
10.60494614
13.91045094
3.845926762
7.903816223
6.445124149
10.94703865
5.851373672
10.11783981
10.83051777
15.2801342
18.95973015
31.88197708
30.80640221
31.76086044
145.3060608
312.3657532
8.425367355
7.005357742
10.12040329
6.651627541
6.294112682
9.017116547
5.708189487
11.10134125
6.989449978
6.93081665
5.084764004
15.07055855
7.898786545
39.05066681
43.48128891
54.02292252
84.20701599
91.66260529
43.60732269
63.41919708
178.0545959
151.4357758
111.1070862
94.26979065
93.92761993
162.9583435
121.9750137
358.6770325
99.50965881
231.2252197
113.2762909
147.7505951
167.697998
352.2834473
223.8871765
201.8901062
382.2074585
188.0839539
410.2797852
248.3227081
187.2617493
289.2421875
226.6693115
216.986969
151.4598389
103.5329437
296.3104553
145.7842712
222.1701355
62.9438324
92.8110733
89.56784821
61.82226562
64.92251587
51.38788605
53.33976364
28.16356468
58.51364517
52.16953659
43.34885406
24.22476578
21.98411369
67.97747803
28.19634628
20.52303314
33.34023285
19.11492348
22.75183105
50.30965805
15.63767624
14.79121208
15.46986485
11.64424801
8.733329773
9.208342552
5.965979099
6.669206142
10.76877403
13.53819084
53.34838867
46.66322708
14.38470078
9.82664299
8.88120079
13.45311165
9.041057587
4.267341614
7.651909828
7.026007652
7.349079609
7.815122128
10.79485512
10.30702591
3.841473103
6.435059547
5.292275429
4.828477859
8.497829437
41.84965897
345.7286682
84.88879395
29.40579033
14.18327904
19.01519394
4.858832359
3.133394957
6.56840229
9.455477715
6.052776814
6.571825504
11.28215981
6.954640865
9.269258499
11.95771217
8.641933441
6.124861717
3.856031179
6.71632719
4.700603485
4.672681808
3.792720318
4.297832966
5.371055603
10.81547165
7.850113869
4.558832169
11.04269695
4.553004742
7.731593132
8.80290699
8.867712975
6.789177895
8.212986946
3.892930984
9.420251846
8.149374962
12.24470901
2381.807861
1426.841309
19.74461555
10.59785557
8.067191124
47.02118683
36.64488983
7.395630836
10.78409481
9.286205292
10.32507324
4.812830448
3.402602196
4.405923843
9.453939438
4.280584812
6.777737141
3.844596624
5.703105927
14.01860237
7.071395874
6.841153145
4.670852184
6.96771574
3.808113575
4.310898304
4.204511166
6.53992033
6.333812237
11.70628834
1.905763745
6.826559544
7.58121109
8.187535286
7.312184334
6.016243458
8.690097809
6.924436569
7.229781628
9.238785744
3.934966564
6.084348202
5.841100216
4.525062561
6.412014961
4.686373711
5.824195862
6.460780621
11.27435398
4.519598007
12.12004185
3.418838024
11.55444241
8.104660988
