13.51298141
19.73112297
15.54313946
21.88388443
20.25037766
16.59224892
19.89599228
18.85616875
88.85864258
68.8216095
71.1634903
103.0906372
230.4966125
183.315033
285.4248657
103.3951111
95.73615265
146.1571808
284.3401184
87.59023285
164.2811127
156.5162354
134.1477661
210.765625
146.1194916
72.71689606
34.98656464
21.84696579
22.54271698
11.20783043
11.51425648
12.90925026
33.58423615
18.60238457
11.84381199
16.58535957
14.5903759
11.24604893
8.282599449
12.51927853
15.57693577
17.84852409
50.37322998
91.38336945
105.823349
92.62849426
229.3023682
203.2644958
363.3902283
149.9611969
134.3213196
160.093689
128.1757965
212.2698975
195.1187744
164.0993347
164.0933075
67.96228027
76.07305908
43.69245911
32.43610001
11.41833687
28.75161934
22.05561447
9.801566124
137.7481689
142.9354248
12.46137047
11.6517086
23.59611511
11.66606426
12.51861
10.00144672
15.28811646
16.58777046
18.80913162
14.15691566
16.91615105
8.407709122
20.36590576
24.01456451
31.99692154
55.02194977
111.0270081
124.5289993
124.6751099
175.3477478
158.9291077
75.3215332
123.218811
247.8678894
103.2369995
196.483429
134.2544098
167.6973572
210.018158
143.6347046
143.1872864
239.3748169
80.03897858
69.95561981
77.80666351
33.73406601
22.27824593
11.77764893
15.58184433
8.341493607
12.41826153
16.11993217
16.16244888
14.58652115
12.08701038
15.39985275
16.74151039
13.32963276
14.09241581
6.212026596
14.18830872
13.29467487
9.92519474
24.36090469
75.8965683
23.97766876
83.02393341
76.61653137
168.6284485
118.3836288
157.9671936
134.0424805
181.9625854
160.6160736
208.4420471
223.3100891
276.8902588
177.6627808
202.9886322
101.296669
195.5494843
192.9057617
161.381546
159.2132874
175.0854187
177.390625
136.7971649
141.7158661
44.30690765
71.92764282
48.36330795
59.65347672
56.13011551
31.16570663
16.70392799
21.76218414
7.002925396
12.08936405
11.70748901
6.781730652
5.39727211
12.68389893
4.946521759
4.196212292
10.03726673
10.10368156
12.09960175
21.44801903
21.09676361
70.84313965
80.51963806
132.5895538
65.79460144
70.99489594
119.8161011
158.5802612
132.9193115
82.8719101
93.19805908
84.93683624
87.4617157
59.33975983
34.4057579
37.51774597
52.31941223
21.31391335
17.4687767
9.84709549
32.52055359
6.975673676
11.7702837
9.335103989
8.866628647
6.943066597
9.827198982
8.193945885
13.55666637
13.95846462
14.72131538
38.08596802
25.13891792
24.76240158
37.4597435
123.649086
41.741642
68.2275238
60.63645172
133.1849976
46.06484222
88.96894836
164.2955017
78.99407196
121.2757416
249.5653076
194.0945587
217.481369
314.4638672
114.8119049
182.0757904
117.4082642
144.6059113
210.9837341
96.65536499
95.82249451
201.1213379
179.7061768
279.2619629
234.3737183
113.0312424
94.51622772
105.3197861
55.13240051
25.08971024
28.22424126
21.49344635
16.45678902
14.39910126
11.91410637
21.06577682
12.73859406
14.69709396
5.958736897
307.253479
122.2023315
154.5055389
164.5320435
157.4431458
109.2195969
98.35358429
115.0493927
172.7350006
127.8244553
147.0944824
159.5252228
94.9305191
169.7486572
150.2349091
175.0721588
179.0732117
122.7898941
81.71398163
140.8236694
269.9702148
122.7499237
156.3150635
117.0063324
208.686203
332.0448914
127.2865753
103.121109
168.8656921
162.8784943
192.5932007
300.7161255
300.9575806
82.71968079
210.6679382
233.8383789
94.80345154
31.75506592
15.36746693
18.87484169
8.748405457
6.55789566
5.724755287
5.344344616
11.69783401
8.005182266
4.688094139
11.04770279
8.033946991
7.981692314
11.04452324
9.141817093
9.173206329
4.925354481
9.393805504
10.77347279
9.309140205
5.48971653
4.622742176
9.576515198
5.885197639
8.58013916
9.951925278
5.503619194
9.89514637
11.85473633
6.918801785
10.50556564
14.77310562
27.99865723
46.12503052
68.59107971
222.4013367
134.6177826
91.47968292
81.01173401
199.0550537
143.8271484
263.6069336
129.0680084
70.97901917
88.00865173
170.9972992
87.67327881
44.14933014
116.7805023
122.3141022
71.74261475
27.22843552
19.02370644
6.315526962
5.694119453
13.33623123
18.10031891
9.496666908
12.94180202
5.627100945
13.7114315
26.74114609
12.14453602
22.70785522
13.86175537
10.65746975
6.7161479
13.62483501
12.63463593
43.68795776
55.51764679
81.96212769
139.2297974
123.2735825
261.3835754
153.1865845
113.831131
178.9260559
156.6204681
144.2429352
130.4575195
174.411438
139.6074524
131.1857147
201.4190063
218.0195007
63.48085403
39.31268311
45.85795593
43.6038208
19.31789207
7.116070747
7.463781357
11.20242023
6.118840218
793.6633301
91.94041443
170.3299255
40.67572784
12.10536575
13.75669384
12.19560337
14.13476562
11.65338802
6.953001022
13.58737373
4.04005146
7.510348797
7.651451588
13.52462006
6.910817623
9.320831299
8.786705017
11.1968832
9.986802101
13.01693821
13.02215767
20.08427238
13.6274147
40.21724701
51.28401184
97.6810379
108.1363907
111.2882996
123.7665405
207.8825531
155.9646606
84.25003815
112.7587738
162.1989746
108.4724121
183.611908
142.2368774
92.84721375
154.3732758
146.7091827
97.69007111
154.4809265
294.7677002
165.3757782
132.9391937
113.0738525
87.76277924
92.46352386
78.83774567
15.22134876
12.66332626
8.770357132
7.587031364
11.79327202
9.297445297
8.714495659
13.88413429
8.974475861
10.99979687
13.00796223
8.906070709
6.141285896
12.94813633
8.737178802
23.12765312
9.480300903
10.64031506
21.40420723
29.06057739
30.45697784
49.11791992
91.96618652
264.553894
99.24894714
94.22941589
252.8274841
240.4507751
97.88933563
217.5770111
224.6064301
201.8659058
121.1439133
141.9014893
198.6782227
187.702652
296.3064575
211.8902893
132.1218262
98.1375351
32.52416992
48.08937836
13.93666363
12.0416975
849.8707275
160.3598785
102.4545135
163.25
141.4364624
177.925293
134.7179108
154.2345886
132.7835541
141.2974396
146.699585
99.48738098
19.14087296
38.36732483
65.83328247
24.67191315
121.9147339
100.5695496
104.8543396
222.7950439
200.6923828
125.5308533
230.1798553
119.3447189
235.9044037
140.6980591
72.47401428
154.3473053
144.0391235
101.9290009
123.4460144
56.48080826
40.37958527
71.39807892
16.09097862
23.2052803
29.71159935
14.22789097
16.11867142
18.22377777
14.38238621
10.99733162
9.272634506
8.216526031
8.267165184
11.72584629
18.05456924
31.46346855
32.05953598
35.09240341
117.4472046
83.20256042
80.01351929
107.5258179
119.8683929
158.6566772
153.27565
256.8856506
284.4680176
238.0939026
202.226059
340.9779968
153.0943298
98.42333221
240.7417755
229.1132507
112.2460938
52.61646271
103.7901688
83.77507782
81.17680359
26.28832245
28.8968277
13.69322777
15.71559334
9.818259239
12.96938229
18.27701187
10.58967209
16.47825623
10.36995125
17.87775803
18.057724
34.73100662
19.1277523
25.57186127
16.12430763
34.45176697
30.09776306
7.439277172
19.12316704
27.67134857
11.86767673
12.88915443
11.36654854
9.738008499
24.61542892
8.307010651
19.67518997
9.115098
17.09906387
16.86525726
12.46132278
7.933511257
13.12142658
27.70569038
32.56716156
125.5055237
106.2288666
159.3362122
230.0898743
245.0231934
320.2559814
369.1914978
299.107666
271.4403992
228.1649475
138.50354
311.435791
136.0468597
126.2500992
79.95830536
49.64677048
31.76271629
55.92403412
39.22560883
20.0377655
11.78352642
16.64517593
11.2053299
13.5200386
11.37047005
11.88748646
14.84138489
17.93468857
15.39970016
6.382018566
28.84749413
10.57440853
15.47697067
23.54030228
15.20672607
14.32641411
7.336800575
14.32726765
13.89691448
8.237000465
19.98209953
9.929927826
26.38851547
20.23749352
58.65282822
58.59147263
20.92733002
48.39984894
39.98113632
61.1362648
17.11833382
66.06253052
57.45019913
240.2442627
391.3283081
278.1037598
375.3228149
177.249176
160.6491699
99.77999115
55.51445007
28.44365692
20.99869537
27.65296173
17.33454514
36.85387802
22.30682945
18.31550026
15.86437416
9.246461868
13.98605633
8.866016388
12.17639351
18.15450096
20.73978043
10.21326065
8.703449249
18.83468819
6.397297382
12.88405418
20.36358833
17.80807877
10.32183743
10.07633591
10.99294662
11.51458931
6.296765804
11.3274374
16.37063217
13.93007088
8.020181656
17.82575417
25.68768692
9.953584671
17.10988235
12.65240002
21.97656059
19.04649353
5.886502266
8.115262985
5.050729752
17.66696167
9.864431381
9.508403778
10.95460987
3.204088688
9.97000885
10.7866621
5.633680344
13.22382927
12.71722412
4.65341568
21.14673424
11.71695328
7.817588806
20.02301407
18.14175797
62.86785507
32.90587997
108.1525879
146.3006287
68.32093811
110.6142197
126.9978027
130.530777
195.9443512
220.5671844
114.5648041
268.7434082
372.9984741
200.4849548
235.5990601
125.4273987
153.8392792
196.1757812
79.66685486
113.7806015
71.10661316
17.46620941
16.0684967
14.88766575
16.34648705
11.14850616
21.55253792
17.21327209
16.36107063
23.59890747
25.69902611
16.62509346
21.44072723
13.44712257
24.63741302
12.12419128
11.58772945
16.90571785
18.72910881
11.3618288
6.458094597
5.207454205
5.096679211
15.71007633
11.51545238
13.8538475
11.70002747
14.99155807
9.008086205
7.928191185
7.566552162
10.76605129
12.70695114
24.65123749
14.64787292
9.230132103
12.29276085
11.96784115
25.02033234
10.1969223
137.8554382
110.7468567
257.5407104
61.12722015
117.5817261
119.8506393
111.7206802
197.3082581
304.3193359
287.072113
120.1945343
307.2454224
259.6272583
217.8518829
156.0629425
140.7988434
231.6782837
189.1804657
115.3387451
58.99747086
29.41182518
34.25340652
29.15780067
16.4102459
8.327331543
18.47796822
19.15780449
15.22553635
13.6249342
10.26767349
14.5402422
5.80766201
22.07027054
9.683609009
12.32015038
19.93221092
15.87012959
37.12559891
100.2992554
66.01139832
43.28842163
80.72777557
153.1685486
373.8938599
259.935791
346.6582031
387.4443359
177.8733978
168.1741028
356.9460144
172.5681763
118.7176514
86.1680603
87.93132782
34.94487
36.93070602
14.83240509
11.8577776
12.21109772
21.05854797
11.34426308
18.31653214
16.62387466
28.95842934
160.6468048
467.1809387
337.7255249
403.4789734
186.966507
308.0952148
201.9225616
204.1158905
305.4343262
262.769989
195.8034363
163.644928
271.2237854
183.8748627
429.0771179
151.7575989
293.4670715
393.651062
103.4883423
416.2391052
200.6953735
153.9493256
331.6229553
64.96030426
46.48629379
17.48784065
8.625405312
8.160121918
12.73394299
11.06372738
18.00565147
22.11778831
12.8621645
19.43079948
4.202334404
17.4961834
19.76459885
9.111877441
12.20431709
8.073013306
16.41997337
14.61422253
11.08541679
13.30533695
5.455087185
16.8352375
18.40316963
10.68836784
18.31720543
9.603429794
17.50911713
17.92536926
133.0239868
357.9274292
207.9050446
265.3628845
178.4808044
239.630249
199.3852234
174.5063171
232.7696838
194.0009613
151.8131561
204.6600494
96.98106384
135.4436951
123.9395142
229.573822
130.4342346
140.5883484
218.8245544
338.9174194
164.3767853
194.238327
198.5193176
212.4291534
175.4849701
261.8692627
192.5934601
216.4746246
272.7850952
214.0972595
288.9794922
198.3530579
180.5247803
254.8881226
461.8047485
328.1399536
210.7668762
254.7135162
289.3912048
332.1183472
210.81073
141.852005
272.0513
245.6759491
180.7369995
275.4298706
264.1925964
338.4096375
127.1882401
217.4429626
291.8885193
173.7546692
318.7301636
425.2562866
241.0609589
390.779541
536.1326904
436.3334961
533.5955811
302.3024902
267.6802673
234.350708
165.0513763
334.2348633
249.6161194
406.9831543
364.0679016
258.5601807
178.3012695
106.0619965
203.848587
50.7789917
61.72774506
39.43707657
27.36755562
9.343075752
13.96094131
13.72644711
6.308651924
9.421717644
13.6667881
13.20717049
6.741678715
12.94419384
18.31291199
20.77653503
60.37544632
129.2040253
245.5241394
173.5379333
178.7560577
261.4455261
122.5180435
136.3478394
404.5716248
305.2642517
234.8954773
319.7370605
206.2146606
137.0698242
204.6712799
504.7020874
376.4528198
251.4440308
200.3805084
181.0596161
70.08859253
12.73513794
5.605278492
11.90850639
7.80134201
12.47202301
7.173490524
10.70372868
6.734137535
16.75350761
11.81154156
13.8548317
6.598161697
11.26501179
6.377346516
10.54635048
52.11346817
80.89414978
129.7388306
157.2011261
318.8852539
202.2407684
136.084137
283.6469116
185.3734894
98.28942871
231.545105
83.5579834
107.1209946
185.8929291
480.0550537
310.0517578
292.491394
102.0337448
124.85569
119.994957
249.1034851
255.4864197
261.353363
221.5865173
418.7420044
157.6459045
226.2006226
136.1522675
41.85279465
20.1942215
18.93813705
14.87572384
10.02315903
10.60766792
12.03970814
12.18684387
11.1864624
11.66263866
9.942733765
13.03097248
10.74259281
4.748162746
16.08468246
6.337201118
12.63176537
10.84673786
10.78642654
9.708174706
25.60210037
8.977133751
8.53615284
8.638326645
8.855130196
5.354588509
8.117538452
8.361662865
10.46299267
13.59772491
5.822000504
15.19888878
17.3321991
67.99398041
197.2639771
213.3677521
136.3702393
174.8819275
80.74025726
231.6160583
143.6789551
289.9185181
288.9066467
264.6397705
135.1707306
138.6331177
363.5287476
192.0158081
182.9864044
214.6799011
332.2895813
207.4576111
294.0229492
101.802948
140.5665436
68.75847626
288.0004272
213.3490295
246.075943
224.1777954
294.2971497
198.28479
80.29390717
163.039444
205.9924011
131.2516022
145.2376404
190.5443726
274.4040833
252.9303589
190.6642456
287.0386963
279.1146851
268.8851929
233.2634583
236.2120361
553.6334839
550.1456909
304.1231689
101.7201385
260.5401001
82.93733215
103.3538513
272.2679749
234.0636597
272.512085
291.109436
217.5123901
266.4826355
185.9039917
250.1957092
111.5060577
110.4458466
282.2073669
180.8829346
388.2471924
192.3412628
248.7302094
139.1298828
292.0379639
195.4625244
205.3776398
77.25437164
140.2453003
95.14928436
306.923584
206.9568024
146.33638
270.7839355
158.3323212
90.15769958
143.8863831
139.643631
128.7400208
215.4992371
122.8885345
187.2486572
100.608902
93.6497345
258.5505981
128.3287964
246.7160339
197.016449
174.2911377
74.25572968
25.78731346
15.27339649
6.772696972
11.99549675
6.771827698
10.6918478
11.27078915
8.66439724
4.57164526
3.163432121
7.494887829
37.52215958
324.2534485
9.675437927
7.567691803
10.17004299
9.835952759
8.957803726
9.100705147
12.40543938
8.317263603
13.91800404
8.472834587
13.99662781
4.671707153
1.825350285
10.82279491
9.592746735
11.42239475
3.324825287
12.80737209
10.81369209
9.034233093
12.02338696
8.402812004
13.97552681
9.646121979
8.428170204
10.736269
6.846815586
15.91403008
15.44410133
17.37094307
7.74842453
17.30283546
29.37878036
216.9404297
